Input: [-0.1,-0.3,0.4]
Actual: [-1,0.2,3.5]

[0.366627,0.146207,-0.300875]
[0.34008,0.147739,-0.215593]
[0.312809,0.149223,-0.117834]
[0.284773,0.15066,-0.0027152]
[0.255928,0.152053,0.12162]
[0.226227,0.153404,0.217673]
[0.195616,0.154713,0.296449]
[0.164039,0.155982,0.363586]
[0.131432,0.157213,0.422272]
[0.0977257,0.158406,0.474506]
[0.0628436,0.159564,0.521635]
[0.0267006,0.160687,0.564614]
[-0.0106824,0.161777,0.604144]
[-0.0466361,0.162834,0.64076]
[-0.0789702,0.16386,0.674879]
[-0.108351,0.164856,0.70683]
[-0.135272,0.165823,0.736883]
[-0.16011,0.166761,0.765257]
[-0.18316,0.167672,0.792135]
[-0.204656,0.168557,0.817672]
[-0.22479,0.169416,0.841999]
[-0.243718,0.17025,0.865228]
[-0.261572,0.17106,0.887456]
[-0.278461,0.171847,0.908768]
[-0.294481,0.172611,0.929238]
[-0.309711,0.173354,0.948932]
[-0.324221,0.174076,0.967906]
[-0.338073,0.174777,0.986214]
[-0.35132,0.175458,1.0039]
[-0.36401,0.17612,1.02101]
[-0.376182,0.176763,1.03757]
[-0.387876,0.177388,1.05363]
[-0.399124,0.177996,1.06921]
[-0.409957,0.178587,1.08433]
[-0.420401,0.179161,1.09904]
[-0.43048,0.17972,1.11334]
[-0.440218,0.180262,1.12727]
[-0.449633,0.18079,1.14083]
[-0.458746,0.181303,1.15405]
[-0.467572,0.181802,1.16695]
[-0.476127,0.182287,1.17954]
[-0.484426,0.182759,1.19184]
[-0.492481,0.183218,1.20385]
[-0.500306,0.183664,1.2156]
[-0.50791,0.184098,1.22709]
[-0.515306,0.18452,1.23834]
[-0.522502,0.184931,1.24935]
[-0.529508,0.185331,1.26013]
[-0.536332,0.185719,1.2707]
[-0.542982,0.186097,1.28106]
Error, maximum number of iterations exceeded
Cost: 5.13275
Output: [-0.542982,0.186097,1.28106]